36594
40655
46524
30867
44931
40899
27389
33809
36023
32406
41744
28308
32020
32147
32496
26842
27853
26509
23702
30643
26050
26798
32447
27343
24388
27295
26029
26131
28874
20138
21366
30745
25416
21689
20514
23945
22422
19423
22112
20443
21643
21775
22700
19209
18602
20257
18922
22156
17236
17723
19090
16662
17852
18378
21295
16808
21113
17723
16288
17189
19242
17402
18183
16613
16203
16701
15641
13850
15447
16600
17051
16541
15651
16281
14601
14482
14727
13695
16366
15315
16039
12983
12922
15154
14230
15386
14797
14423
14355
13887
14074
15410
13026
13379
13368
12217
15086
12192
15251
12677
