-24643.0
-28389.0
-32259.0
-18915.0
-32842.0
-27209.0
-16304.0
-21561.0
-23392.0
-20469.0
-28605.0
-17072.0
-20424.0
-20794.0
-19648.0
-15511.0
-17501.0
-15926.0
-13735.0
-18923.0
-15406.0
-15064.0
-18846.0
-16459.0
-14526.0
-16704.0
-15277.0
-15253.0
-17663.0
-10307.0
-12576.0
-19171.0
-14033.0
-12579.0
-10859.0
-12112.0
-11502.0
-10315.0
-12530.0
-9457.0
-11487.0
-12274.0
-12679.0
-9763.0
-9861.0
-10497.0
-9473.0
-12343.0
-8595.0
-8294.0
-9920.0
-7769.0
-9416.0
-9080.0
-9372.0
-8060.0
-9369.0
-8543.0
-7198.0
-8264.0
-8319.0
-8069.0
-8950.0
-8213.0
-7052.0
-7549.0
-7047.0
-6133.0
-6972.0
-7505.0
-7736.0
-7960.0
-7283.0
-7257.0
-6384.0
-5950.0
-6195.0
-5792.0
-7805.0
-6362.0
-6082.0
-5200.0
-5388.0
-6296.0
-5703.0
-6061.0
-5101.0
-5601.0
-5634.0
-5782.0
-5581.0
-6488.0
-5302.0
-4543.0
-5368.0
-4610.0
-6177.0
-4283.0
-5010.0
-5354.0
