6.776666666666666
7.5287037037037035
8.615555555555556
5.716111111111111
8.320555555555556
7.573888888888889
5.072037037037037
6.260925925925926
6.670925925925926
6.001111111111111
7.730370370370371
5.242222222222222
5.92962962962963
5.9531481481481485
6.017777777777778
4.970740740740741
5.157962962962963
4.909074074074074
4.389259259259259
5.67462962962963
4.824074074074074
4.962592592592593
6.008703703703704
5.063518518518518
4.5162962962962965
5.05462962962963
4.820185185185185
4.839074074074074
5.347037037037037
3.7292592592592593
3.9566666666666666
5.693518518518519
4.706666666666667
4.016481481481481
3.798888888888889
4.434259259259259
4.152222222222222
3.5968518518518517
4.094814814814815
3.785740740740741
4.007962962962963
4.032407407407407
4.203703703703703
3.5572222222222223
3.4448148148148148
3.7512962962962964
3.504074074074074
4.102962962962963
3.191851851851852
3.282037037037037
3.535185185185185
3.0855555555555556
3.305925925925926
3.4033333333333333
3.9435185185185184
3.1125925925925926
3.9098148148148146
3.282037037037037
3.0162962962962965
3.183148148148148
3.5633333333333335
3.2225925925925925
3.3672222222222223
3.0764814814814816
3.0005555555555556
3.0927777777777776
2.8964814814814814
2.564814814814815
2.8605555555555555
3.074074074074074
3.1575925925925925
3.063148148148148
2.8983333333333334
3.015
2.703888888888889
2.6818518518518517
2.727222222222222
2.536111111111111
3.030740740740741
2.8361111111111112
2.9701851851851853
2.404259259259259
2.392962962962963
2.8062962962962965
2.6351851851851853
2.8492592592592594
2.7401851851851853
2.670925925925926
2.658333333333333
2.5716666666666668
2.6062962962962963
2.8537037037037036
2.4122222222222223
2.477592592592593
2.4755555555555557
2.2624074074074074
2.7937037037037036
2.2577777777777777
2.8242592592592595
2.3475925925925925
