46420
47119
59602
61248
40089
54865
35130
39771
32533
40858
47672
33522
30749
30650
32172
29397
39425
31669
28172
30638
28323
24289
28417
34026
26764
25372
28788
30704
37701
28055
27375
27670
27338
24297
30230
30991
25481
26155
24276
29670
22501
24367
22243
23905
21963
24331
21306
19753
21408
23164
25843
22706
20121
22373
25290
20929
24021
20106
21312
20585
23754
19861
21937
19168
24795
22605
22107
17894
23805
21329
22615
19023
16912
21135
24954
16145
18821
18218
17374
18169
20283
17711
16478
16656
19179
19357
18009
16473
19872
15585
16040
19099
18754
16628
15878
15740
15424
17087
19083
14035
