8.596296296296297
8.72574074074074
11.037407407407407
11.342222222222222
7.4238888888888885
10.160185185185185
6.5055555555555555
7.365
6.024629629629629
7.566296296296296
8.828148148148149
6.207777777777777
5.694259259259259
5.675925925925926
5.957777777777777
5.443888888888889
7.300925925925926
5.864629629629629
5.217037037037037
5.673703703703704
5.245
4.497962962962963
5.262407407407407
6.301111111111111
4.956296296296296
4.698518518518519
5.331111111111111
5.685925925925926
6.9816666666666665
5.19537037037037
5.069444444444445
5.124074074074074
5.062592592592592
4.499444444444444
5.598148148148148
5.739074074074074
4.718703703703704
4.843518518518518
4.495555555555556
5.4944444444444445
4.166851851851852
4.512407407407407
4.119074074074074
4.426851851851852
4.067222222222222
4.505740740740741
3.9455555555555555
3.657962962962963
3.9644444444444447
4.28962962962963
4.78574074074074
4.204814814814815
3.726111111111111
4.143148148148148
4.683333333333334
3.8757407407407407
4.448333333333333
3.723333333333333
3.9466666666666668
3.812037037037037
4.398888888888889
3.677962962962963
4.062407407407408
3.5496296296296297
4.591666666666667
4.186111111111111
4.0938888888888885
3.3137037037037036
4.408333333333333
3.9498148148148147
4.187962962962963
3.522777777777778
3.131851851851852
3.9138888888888888
4.621111111111111
2.9898148148148147
3.4853703703703705
3.3737037037037036
3.2174074074074075
3.3646296296296296
3.756111111111111
3.2798148148148147
3.0514814814814817
3.0844444444444443
3.5516666666666667
3.58462962962963
3.335
3.0505555555555555
3.68
2.886111111111111
2.9703703703703703
3.5368518518518517
3.472962962962963
3.0792592592592594
2.9403703703703705
2.914814814814815
2.8562962962962963
3.1642592592592593
3.533888888888889
2.599074074074074
