-33552.0
-32840.0
-41237.0
-43590.0
-26798.0
-39935.0
-22088.0
-27133.0
-20306.0
-27540.0
-32616.0
-22224.0
-19585.0
-19284.0
-19312.0
-17380.0
-26309.0
-19563.0
-17338.0
-19070.0
-16965.0
-13944.0
-16383.0
-22296.0
-16059.0
-14626.0
-18065.0
-18813.0
-24988.0
-16724.0
-16292.0
-16868.0
-16756.0
-13441.0
-17861.0
-17131.0
-14288.0
-15360.0
-14636.0
-16963.0
-12162.0
-13902.0
-12129.0
-12985.0
-12442.0
-13981.0
-11114.0
-10488.0
-11303.0
-12665.0
-14901.0
-12449.0
-10468.0
-12596.0
-13492.0
-11978.0
-12482.0
-10384.0
-11177.0
-11405.0
-12315.0
-10149.0
-12206.0
-10490.0
-14645.0
-12567.0
-12185.0
-9035.0
-13306.0
-11770.0
-11884.0
-10161.0
-7731.0
-10958.0
-14595.0
-7684.0
-9253.0
-9269.0
-8325.0
-9183.0
-9927.0
-8712.0
-7669.0
-7550.0
-10268.0
-8112.0
-7778.0
-7565.0
-10181.0
-6757.0
-7848.0
-9526.0
-9495.0
-7054.0
-7393.0
-7247.0
-6857.0
-7820.0
-8708.0
-6276.0
