4268638
3817285
3980844
3593974
3718937
3618256
3617688
2965363
3332151
3285919
3676470
3536253
3482898
3234196
3266649
3021617
2508586
2602616
2112838
2952484
2827750
2513477
2531333
2397886
2117619
1957960
2424784
2096772
2056144
2264343
2120913
2543871
2112847
2510380
1617848
2006314
2027257
2177551
2096433
1895559
1889415
2267888
1310438
2008697
1674294
2001384
1993132
1435788
1725244
1399579
1248113
1635689
1781268
1489604
1368383
1102112
1686025
1187868
1348597
905351
1846314
1428050
1054259
1454530
1576082
1089998
1122818
1890161
939781
1364151
1273903
1450505
944674
1415066
756471
865883
1093946
1252687
1070641
900922
1436060
