790.4885185185185
706.9046296296297
737.1933333333334
665.5507407407407
688.692037037037
670.0474074074074
669.9422222222222
549.1412962962963
617.065
608.5035185185185
680.8277777777778
654.8616666666667
644.9811111111111
598.9251851851852
604.935
559.5587037037037
464.55296296296297
481.96592592592594
391.2662962962963
546.7562962962963
523.6574074074074
465.4587037037037
468.76537037037036
444.05296296296297
392.15166666666664
362.5851851851852
449.03407407407406
388.2911111111111
380.7674074074074
419.3227777777778
392.76166666666666
471.08722222222224
391.26796296296294
464.8851851851852
299.60148148148147
371.53962962962964
375.417962962963
403.25018518518516
388.22833333333335
351.02944444444444
349.89166666666665
419.97925925925927
242.6737037037037
371.98092592592593
310.05444444444447
370.62666666666667
369.0985185185185
265.88666666666666
319.48962962962963
259.1812962962963
231.13203703703704
302.90537037037035
329.8644444444444
275.8525925925926
253.40425925925925
204.0948148148148
312.22685185185185
219.97555555555556
249.7401851851852
167.65759259259258
341.91
264.4537037037037
195.23314814814816
269.3574074074074
291.86703703703705
201.85148148148147
207.92925925925925
350.0298148148148
174.03351851851852
252.62055555555557
235.90796296296296
268.61203703703706
174.93962962962962
262.04925925925926
140.0872222222222
160.3487037037037
202.5825925925926
231.97907407407408
198.26685185185184
166.8374074074074
265.93703703703704
