-2183139.0
-1805681.0
-1841870.0
-1591250.0
-1772914.0
-1522621.0
-1579083.0
-1397404.0
-1415662.0
-1369770.0
-1596431.0
-1518571.0
-1503675.0
-1363115.0
-1361831.0
-1155123.0
-1172991.0
-1083577.0
-828296.0
-1210535.0
-1097230.0
-1040504.0
-843153.0
-805970.0
-846750.0
-590022.0
-756709.0
-706469.0
-738435.0
-836680.0
-810819.0
-907939.0
-640574.0
-825841.0
-588673.0
-927944.0
-630825.0
-748824.0
-668274.0
-599542.0
-616742.0
-738610.0
-523296.0
-571513.0
-551719.0
-677643.0
-693133.0
-564432.0
-667012.0
-553521.0
-426441.0
-669674.0
-780441.0
-752686.0
-551518.0
-316968.0
-788914.0
-489236.0
-576779.0
-308886.0
-892777.0
-526969.0
-499441.0
-537263.0
-470861.0
-427907.0
-410739.0
-936619.0
-292230.0
-501475.0
-491281.0
-543207.0
-370723.0
-581443.0
-368207.0
-359229.0
-395768.0
-472004.0
-549192.0
-375312.0
-567281.0
